KARSTHANS. 643

1115511 11519 111111119111911 511, 5511111111 11115 9111111119111 1111511· 1111 1111111 1511111
1111115 11. ‘
851119 5115. 2:362, 9131, 11151911 mid) 151111. §.sa
31115155. 35151 511 9111111111 11911111.
ΕξῖἶετῑιῚιϊίιιει. Τ111111111ν111111.
εἱῆ1111195115. 344 mul 1191111111 1191111111; 11111 bct 4111111111 51111111 1911111119111
9151111111 9111115111 111 9111911115 1111111ι11111911· 1ὃ1119111 911191191111, heren 111-111119 11115
111115 9111919111 11159 methca, 1111151151 111 9111951111, 1115 1111 15115 1111 einen 444'4'444'44
5511 11111115 951, 11111191 53 15115 1111 1111155. 911111 mu 511 9151111111 1111 115 51111·-
1511111 nuh 4444 1).444bt 911, 11111191 bct 9151111 111 bct 444444444 1111 111119 1111511. {deust-*0-
511 5511111 1191111111 111111111511111, 511 15111911· 11111159, 4344) 159, 1115 511 9151111 11111111
91111111 911, 11111191 11 1111 5111111 1111 111119 111,1511 11111511 15 mer 1111119151111,11151111
ber 91111111,1’51 ct 11111,15 51111111 9111191 11111 1). 9111 1111155, 53 1115119151111111151
311111 53 15 4444144 91551111 111 111-9111 191111159111,1111515111151111 1111191111 11511) 1111)-
15111, 11111511· Cb 111115 3csu5, 511· 1111111519 11111 951115, hrt 1111 biset 1115, 5511111
191111111911 91111111 151511,51·1 111 53 1111111519 1)5111ι1,11511 1511191111 bct 1911111119
91111111 Ι11111111 511 ιιιι’15911 511 11111195 955111 51111· 11151111 1111 111111 111-1911511915 11519
1151111.511)1 witrr 511· 9151111 111 cin 1511115159 515 1111119111 1111115 444 1111111 11111911. 911.
95115111 4441 1111 511,1551111 hrt 1111 1111 1119 1’111151111111111311’,1 51111111151111), 11151111
2044· 51311 minet 511 1111 1’111111;5111·1111111 55111 115111· 191 1111111111111 9151111 111155 1111-
111915 95111115, 15 15 1111 1111111119 51119 111, {14³4- h44p4t 91111 1511 11115 9111111115,
11159 mit 111111 11151 1191111111> jm glauben 9111111, gibt 11111 111111) 111111 911111191 11111
11511) 9131111111 9511111119. Su 551111 111 511111 511111 11111915 511 (9111115115) 111119 (111 ΜΗ·
55 111 1111 91111111111911111 51111 1111119111, 53 111 111111 11111115111111 19111115) 444 1111111
15 911111119111 1111 3111515111 1111111111 111111, 1111111 11511 1151 11119111 51111 1111, 15 ct 444444-
lisb 111, j444 91111915 91111 51111) 1111 1111111119 11511111 91111111 11115 1111 1111 1111111115
9511111, 51111511 11513111 1111 5111 11191111 111111515111111153 9511111 1115111111111111111111-
1111) 1111119551 6111111115 311115, 511111· 1111 51111 51111111111111 91111915, hic 1191111 1115115
511 1111113115 11115 15511111. ulum 511 1111111 53 9511111 11111,11115 11111 1515111111 11115
30 1111191111 11115 1111111119 511· 44b, 91111 911951, 11155 1111111111 11111915 91155 11111511 ¹4'4'44·
1111 9511111 regim-ct, 11155 11151119 1115111 nuh 11111315 4444 1111 511111 515 11115 11111515
murm 3⁰44 91159 1191511111 111 511111 11111111 11151115 11115 911191511111.
Sumtus. {lu 15911 5115 111135111111 51119; 1511 11155 bct est‘Iurnrt 1591. §.o-2.
β11111115115. ζ9111 515,11111 1111 44444 155,11151111 1.·1) 5115111111 11159 91111112
35 31115155 Schict 11111 enh 511 1151115 515 1111111 11111155
ξὶ5111115115.3.)5 91 91, 11115 15 1111 1111111113 9111915113 511 cim 11151,1113 111,
15 1111111 9111111 hcm? 111) 911111 515 ,ἕ1111111115 11111111 915119 1115115, 1511 11111 11 15
511· 91111915 9111911111 sid) 9111111111 9511. ῑ1]’11 9111111111, 11 911119 444 511 1111191111ῐὲ ‘’3-
³ 551111- · .3. 5. 6 551111 7. ⁷ 11111119 267. 111119 3. 111119 4. 1111111111 5. 5 9111911111
2 3 9111911111 4 9111915111 7 ⁹. ¹⁰ 951 unns 9. ¹¹ 1511111 1. 5511111· 7. 11111119 4.
¹² 4444‘44 2. 111111 7. ¹¹· 9511111 2.3.5.Τ.9. 9511111 6. ¹⁷ 11191111 2. 11911111 3. 111111111 5.
95111112.3.5.ῖ..’), 95111116. ¹* 551111151919. ²¹ 95111115 2356. 95111115 0.7. 2¹³ 91111111
2.3.5.7.9. 9511111 (i. ²⁷ 11119115 5...7. ²ss 111111119ιί 2.5. 1111111195111 3. 4424'4444444444 (217.
9111513 2. 9111151111 3. 11151111 5. 11151113 6. ³⁰ 1511119111 2,3.5. 11111915 6. 9111115 2.3.
, 9111151 5. 9111115 6.7. ³¹ 1115111111 2.3. 34111115 2.3,5. 33 11111 235. 4‘4444 6. 111115 7.
11151 236. 11151 5.7. 111 1111 15 2.3.5...7. 37 ς11ἶ11111515 2. 11111 579. ³³ 11 1111)
111 2.3. ’.1115111115 Ξώτὶῖῐ ‘gt-444 5111 (151·511111119119111 11115 5111191115111911111 5511 1111111111 115-
11511555 191 5111 [911111119111 9151111111 11111911111111, 1151511 beu 344444444 515 9111111115 1911111
4115111511 1111911’ 1111111111 1Ξ11·111“ς11111·91 15211. 24. ῖ1ῑ1·,»1’“.
>1 1 *

